-----------------------------------------------------
Circuit delay: 62.5014 ps

Gate slacks: 
INP-1: 31.585 ps
INP-2: 25.5707 ps
INP-3: 6.25014 ps
INP-6: 6.25014 ps
INP-7: 31.058 ps
OUTPUT-22: 6.25014 ps
OUTPUT-23: 6.25014 ps
NAND-10: 31.585 ps
NAND-11: 6.25014 ps
NAND-16: 6.25014 ps
NAND-19: 11.8792 ps
NAND-22: 6.25014 ps
NAND-23: 6.25014 ps

Critical path: 
INP-3,NAND-11,NAND-16,NAND-22,OUTPUT-22

-----------------------------------------------------
